25
11111111000000000000000000000000000000000000000000
10000000111111100000000000000000000000000000000000
10000000000000011111110000000000000000000000000000
10000000000000000000001111111000000000000000000000
01000000100000010000001000000111100000000000000000
01000000010000001000000100000000011110000000000000
01000000001000000100000010000000000001111000000000
00100000100000001000000010000000000000000111100000
00100000010000010000000001000000000001000000011100
00100000000100000010000000100100010000100000000010
00010000100000000010000000010000001000010000010001
00010000000100000001000100000010000000001100001000
00010000000010000100000001000001000100000010000010
00001000010000000000101000000000000000001001000011
00001000001000000001000000001001010000000000110000
00001000000010000000010000100000101001000100000000
00000100001000000000010000010100000100000001001000
00000100000001000010000001000000100010001000100000
00000100000000100001001000000000001000100010000100
00000010000100000000010010000001000010000000000101
00000010000001000000100000010010010001000010000000
00000010000000101000000000001000100000010000001010
00000001000010000000100100000100000000010000100100
00000001000001010000000000001000000100100100000001
00000001000000100100000000100010000010000001010000